50
30 30
30
0
1 1.3519274813098847 22.13960713670722
1 27.227779623888182 26.992126138317857
1 20.144686134442875 5.760549659424701
1 18.85610987569221 10.023995309684237
1 29.14564336009651 26.057872203628186
1 10.296933567912767 6.987346592169041
1 25.41303532181906 24.65605096504075
1 25.388299517640426 15.99179877112109
1 14.325919477260312 13.159722573079677
1 4.996640818555193 13.610874283221362
2 13.734230319711463 12.82650543374179
2 0.14908296699948753 27.843161931641248
2 13.523476845894407 27.609667810761536
2 29.752816925982 12.065934928900967
2 8.208904665709532 24.31592603608712
2 24.51729006046168 11.464081372258685
2 9.46283852827547 13.136374764651574
2 1.9536147785525404 18.481687261688464
2 12.769365037493799 0.5918876862616917
2 6.676897074623582 4.020731378267806
3 21.22778146957217 14.031553600819569
3 13.95246961567899 11.491375698936737
3 18.003526730970258 29.059357919150518
3 27.526176214369304 12.630660266572248
3 12.150943277425863 24.255250754872947
3 7.45119433133428 21.669118478632313
3 16.44911720671457 11.451824627792835
3 11.710428774431056 15.212120774122667
3 17.502155705575117 28.801910765772224
3 17.064528181162427 7.627693476777761
1
1 0.8580696480760857 23.436417808610685
1 26.684704956138752 26.966191202361564
1 20.384522752484685 5.124459086905189
1 18.24104838521122 10.787462938234146
1 28.86498697632038 26.59162419043695
1 10.336768885630136 7.563215754201486
1 25.649851908407797 25.518097433978657
1 25.861189680390137 18.014712593312698
1 14.717809794991359 13.061294998907977
1 5.545674007042575 14.232719277403927
2 13.233915332069548 12.064586648083829
2 0.012854080786426164 27.12751670403383
2 14.174095190123083 27.478381320766065
2 28.725510346355964 10.495566894136777
2 8.484782027086322 22.946996526609034
2 24.38091651473669 11.065126833413208
2 9.464006381292517 12.569313810314313
2 1.5900378595958071 19.13173547621147
2 12.841937316785131 0.3550206066528476
2 6.340727730206921 4.844834018094828
3 21.26294255999672 14.259249466264066
3 14.058903875782455 11.995424263162382
3 18.794938807471 29.380683065838525
3 27.493254246401108 12.670884391921698
3 11.762262446797823 23.84616995339574
3 6.793847119828461 21.303575630323568
3 16.46284053118734 11.547771651609311
3 11.82610203258917 14.674814578234137
3 16.896625276710093 28.582375450945698
3 16.849954214029363 8.136948299075566
2
1 1.7725809441682947 23.57114022124564
1 26.137453848864187 26.979291739715872
1 21.00737582381825 4.767898882365755
1 18.266459150503405 9.3887003157001
1 29.468635617522505 26.716508011976813
1 9.616533051524794 8.79704818202282
1 24.685872006495597 26.501478523518703
1 25.967741728354405 17.300172338682078
1 16.69935914257747 12.749403726520228
1 6.068396004280063 14.280601966081203
2 13.400301950149853 12.277479071945969
2 0.8307856711129112 26.958604972325336
2 14.535773430379415 27.175351605857976
2 28.374235800807657 10.928478287942353
2 8.401795217007578 24.121759033119815
2 23.235294489141204 10.711474847690342
2 7.932602864513504 12.762772772070395
2 1.920310168776863 19.146125688660636
2 13.512302218786274 1.6770861917297328
2 6.645575486135807 3.6460538063204506
3 22.15391868221199 14.872900396643056
3 13.964609455884586 11.109756985501086
3 18.041973146733753 29.868466744934754
3 28.129217930843932 12.527599498658088
3 11.497480837062342 23.631089450284037
3 6.203668419601066 21.52323293853618
3 16.470312702153944 11.19458281683816
3 10.868546119104812 14.468989183667752
3 17.648479673874608 27.98073287242578
3 16.930860265350844 8.150822963527535
3
1 1.749877029891497 23.445084046853147
1 25.959766245951513 26.08840055780942
1 21.009814788753527 4.265833448376844
1 19.42188847368331 10.100552768046228
1 28.791527300193355 27.52341874194407
1 9.019439316243817 9.064134219805712
1 24.712355907836386 26.236108857350533
1 25.9426181422384 17.02594288917826
1 16.146236504173473 13.163100611910425
1 5.502217715607007 14.644397747289354
2 13.27546087565493 12.223865603113383
2 1.0279376517183356 27.0729374766755
2 15.810398954765445 26.891116808161307
2 28.067528320579527 10.97219985094388
2 9.507382453433166 24.92405118651704
2 22.411755997656048 10.707474103402907
2 8.590862709788968 12.809179685573977
2 2.5040074672662627 19.895722256351103
2 13.322087687940298 1.5522170392696146
2 6.344356744007964 3.8629827841625044
3 22.18821578261231 14.22249460801553
3 14.072356321333197 11.265224549087883
3 18.582762819433704 29.739544309169418
3 27.81471679833037 12.358790115187727
3 11.298912259231848 24.056922157795977
3 6.496068059252269 21.44516270137572
3 16.59789695404481 10.698772833449926
3 11.749692456532085 14.79652927881317
3 17.669967293932707 28.645332737490254
3 16.48624312891584 8.441876949325497
4
1 1.2618842650856679 23.07135643165496
1 25.17834168840714 25.16613659810143
1 20.05728809554697 4.596847329432006
1 19.365133126894815 10.183469913972488
1 27.629416132440706 27.800092397993726
1 8.452701377862306 8.17544759059807
1 23.76144721588484 27.032110466425163
1 26.373902927329418 16.429938614804918
1 16.344524067154044 13.336578343555923
1 4.875064137745065 14.555214551415576
2 13.160095057043852 11.763660665895985
2 1.0200551224169994 27.045563107764142
2 16.50854022746771 27.146719812025225
2 28.799630640580894 9.996459346318732
2 9.228438720796836 25.306985466857235
2 21.070793113802598 12.221234474247721
2 8.887435806734791 12.769727055479528
2 1.8480376357808357 20.03824089407712
2 12.643665653510931 1.411379239722493
2 7.185538038226448 2.961255696811309
3 22.556728988445194 13.876439307416828
3 13.728729959651169 11.541015211778696
3 18.681088508169434 29.50467878173808
3 28.111423771825667 11.990392525144248
3 12.211101075593907 24.1253286465093
3 7.2197316939315845 21.371153501561896
3 16.681630331603476 10.49529217865898
3 11.805862510733206 14.203323761556335
3 17.537543235862405 28.175812311999287
3 16.834834206978776 8.532574916369699
5
1 2.22857292369203 22.67872459240769
1 24.8929115520139 24.059916816260912
1 19.972052447153875 4.68909142933748
1 20.091393290779987 8.9799741969584
1 25.869279460229517 27.754173559571747
1 7.804988207934522 9.131176524162143
1 22.839873951567995 28.636250852925013
1 26.407265707213178 17.243192972178235
1 17.091220078694864 12.049563563719614
1 3.7994177522399335 13.689098013533503
2 13.308465236071182 12.275348275515654
2 1.4197128583557503 27.107110466406446
2 17.263913918843866 27.44156350024683
2 29.92476658444562 9.88032518350186
2 8.587914333326516 24.469625549614342
2 21.359171042735284 12.55063658545661
2 9.056249648539639 12.966255414143262
2 1.3060641146578862 19.50690177791978
2 12.96062231802079 2.4887738833296793
2 7.445523709456542 2.889690293936485
3 22.171012721307747 14.272054843993807
3 13.911619220261214 11.667172930035964
3 18.21826397617085 29.321547594386736
3 28.195113717912832 11.936364031284688
3 12.497452151756606 24.90362767210463
3 8.07819607346362 21.585005116084222
3 16.135987286140672 10.61499847817707
3 11.822886886367765 13.821487165760963
3 17.82342508118687 27.899057241117518
3 16.45096399329803 8.588663876376101
6
1 0.2630929030836633 23.670514392054475
1 24.971730632692662 24.204495252882424
1 18.955277410376155 4.943432895412884
1 19.761737686707416 10.223208755081876
1 26.790317869427128 28.427142161118883
1 7.692920795871787 9.292017840661398
1 22.54678144296389 29.269864622351662
1 24.775364880511777 17.61170487665847
1 17.565500214222574 10.845215621978125
1 4.376086333337902 13.698361854178309
2 13.107742515388123 12.767061242537126
2 2.1645549172352876 26.823587096308106
2 18.24019274662414 25.8990375189281
2 29.907003832319628 9.400033300250403
2 7.541676293246665 23.940520698573327
2 21.717337030017912 11.706286025136185
2 11.182222065328158 12.641480148081389
2 0.4365133696971665 20.16806021804183
2 14.170001239222145 2.7740169241133357
2 7.507920217496519 3.430005460622742
3 22.38939970648911 13.952519622762155
3 13.41504504488254 11.236833155640198
3 18.291359298056996 28.88999944164323
3 28.88134153132703 11.47561711190797
3 12.356147828555956 25.02794018020732
3 7.53729111561009 21.300021487242603
3 16.49922192155308 10.551496810083663
3 11.656278334790425 13.71545203907011
3 17.17987442919118 28.073831217977677
3 16.301645013746384 8.576404261578372
7
1 1.2855281907496274 23.41648979054946
1 24.528910537331065 25.277403917467552
1 19.90041774399019 2.7026031730895
1 19.099351131784665 10.292090618701305
1 27.444343410793252 28.729145350952663
1 6.7916809426655655 9.573601821110513
1 23.578778104999667 28.396492287095384
1 24.789029832597706 18.931904998089827
1 18.643929308005557 10.937050864964563
1 4.3352167847086145 12.5188763769479
2 13.063316340520853 12.764836056908601
2 2.2100393745092304 27.713114663733116
2 17.576093207033168 25.461542364199033
2 29.658646886373194 9.281808972506346
2 8.571191205558574 24.230864406592886
2 21.135708914487918 11.882921657203957
2 10.702961217043324 12.845615347731306
2 1.0432130342112949 19.872239341065114
2 13.751303742393704 3.096800271218743
2 6.214704869092563 4.360500667264644
3 21.68193896322805 14.382511313302373
3 13.65786115472139 11.334856519667
3 17.581129239017034 29.006544137238354
3 28.78709055381389 11.363689942284951
3 12.280039660720536 24.569270850183937
3 7.3387422726035965 20.96170387299188
3 16.47728130909477 10.545474922865626
3 11.274180985698218 13.606016869468808
3 17.796901707225306 27.278489020601153
3 15.769987460447787 7.876568695187686
8
1 0.37309951367581595 22.96331200919223
1 25.348689118967897 26.238525552591042
1 20.52816839872677 3.031662070155196
1 18.03628141486996 10.84716961688817
1 28.08177137247478 28.165391687295276
1 7.66624828354256 9.610831971314164
1 24.31646624906012 28.079744600196136
1 25.448080396142295 17.595660656901497
1 18.765705544767403 11.741935120227138
1 2.9779664243824238 12.447392145762961
2 13.286191142037717 13.058267282500179
2 3.0862750553132625 26.92985630185465
2 17.29044115980297 25.73649967111342
2 29.688724629860488 8.735916215322124
2 8.440762252296219 23.965106856412664
2 22.484663119288687 10.802544177928242
2 10.371455054945363 11.42781249276922
2 0.2617199474074393 19.763751345090327
2 13.551072882278413 1.7272121923092227
2 6.535186306028777 4.703572481706413
3 20.846232186395174 14.523789374931606
3 13.603589894118445 10.832019726970422
3 17.06303198018888 28.615256969547463
3 28.727178567639093 12.174699550741584
3 12.57508565753941 25.017421897756474
3 6.67963363456386 20.78111359387173
3 16.330766192628115 10.89488105782654
3 11.296070151346962 13.857046163043318
3 18.168438230942677 26.763471936182803
3 14.91903694385041 8.137754157219236
9
1 0.12776217031428683 23.225698110261494
1 26.152340821960088 26.617613803169732
1 19.380626243175872 2.830804727110349
1 17.567349857213312 10.330330913896749
1 28.721091996357476 28.42463385530435
1 6.3855509876824215 9.666596594327729
1 23.662882266024834 27.48974293657427
1 24.762566192081604 18.50496878426455
1 18.219403645655465 12.11511209763225
1 4.245373801446944 13.04433300040634
2 13.311270798360997 12.898852776723492
2 3.4627571371399064 26.619521580352092
2 18.829164458010897 25.735992589149745
2 29.834788826943328 9.362771789598934
2 8.925170251847783 25.60181502593363
2 21.239050842185314 10.31422524788131
2 10.690706653412672 11.29353565541694
2 0.47207409438975056 19.91196902187569
2 12.847210929278251 1.2120714063331324
2 7.104683758078684 5.584495138829477
3 20.598104265576037 14.513674337630448
3 13.156229736567335 11.358115428868517
3 17.640588711036454 29.22694045200656
3 28.982659546710092 12.326346920318446
3 12.539763128723724 24.64362617247999
3 6.973214616353969 20.91519671455636
3 16.688728701531737 10.837283445436288
3 11.660119962354711 13.785082188049847
3 17.426273150177355 26.942313549356705
3 14.622764012252114 7.9335713758141475
10
1 0.581089603059297 21.819227906842556
1 25.38510035230617 26.438140229861393
1 18.77788227870713 3.0155708087718245
1 15.777542833661135 9.941410605162199
1 27.866820923963278 29.94148451803366
1 6.502644814644726 8.424351229576093
1 21.44223279182527 26.137769632313177
1 26.164880193465727 18.974300895519317
1 17.778231519216963 10.969403286666967
1 4.664298193843752 12.251722626981499
2 13.801990955748655 12.474727534078895
2 4.332556142328022 26.059927002150317
2 18.41936521031119 25.37168618003414
2 29.16336518299243 10.219138462664567
2 8.673006831798979 26.29761643666074
2 21.268979088150584 9.940587330700954
2 10.850836746370295 12.009923460862554
2 0.6005517164534587 19.378528565370225
2 13.528640805317083 0.7247987330317907
2 8.262996763574733 5.204217730739492
3 20.035141861803996 14.051666417361107
3 13.68309889706431 11.342469665588203
3 18.16390905446129 29.759354085110033
3 28.74654747646182 13.152642345808625
3 12.264988105959393 25.12191014969715
3 7.037047533492432 21.23138617792532
3 17.02076643109378 10.859051780193596
3 11.822817703117808 13.796771607734852
3 18.07938272801838 26.905879862492945
3 14.4638890396764 7.833981998864297
11
1 1.3404381876424658 22.858408355473873
1 26.550314526620806 25.743542943740575
1 16.908985319251705 3.571338024419095
1 15.60049309650642 9.075694420658637
1 27.100696393785892 29.69222642821143
1 6.973786055632423 6.838606379081172
1 20.676651470036667 26.350586884994073
1 25.83262083972771 18.49427459532314
1 18.225297869420256 11.57204188284448
1 4.178599190711613 13.658424551080444
2 11.912113975592082 13.047704076804738
2 4.3274075961365615 26.382278665870228
2 18.499741443157127 25.488516454027366
2 28.598508856522386 10.217250476495277
2 8.109718863705128 26.782708006767844
2 21.689454467460102 9.93591676876917
2 11.514644028796283 12.62661408921628
2 1.0242422666290465 19.060788318922405
2 14.097230100571531 1.5969991597585058
2 9.046683613911023 6.098970099968407
3 20.552605227781523 14.02663259622767
3 14.587384754228493 11.419183867532649
3 18.032139078786983 29.738348529453013
3 28.72042462702402 12.963272235732452
3 12.29317414428939 24.85188810109799
3 6.739663678241436 21.426649132041838
3 16.44573407436056 11.170123522739889
3 11.814030882687412 13.109207704884822
3 17.708070833113023 27.456591042539984
3 13.818874927750382 6.851560164669957
12
1 1.2872737769259783 22.847145714910283
1 27.778872189080843 25.28149360709524
1 16.961424547526867 3.7659371199110243
1 15.885199407057721 9.163562639389811
1 26.511700402982846 29.284768905843087
1 7.2621970752886895 7.699013106054624
1 20.470864454429524 26.35444470231312
1 24.900382347574453 19.231765008632316
1 19.27071620437345 11.316172919402682
1 3.7544099091758376 13.53730364776957
2 12.647740523583165 14.318763072435015
2 4.146931624279852 28.476411934638467
2 18.082035228814277 24.947621885627704
2 28.480959531070273 10.594399610170392
2 8.005807886181566 26.089206312874477
2 21.381314523964075 9.318476551223341
2 12.392167820615951 12.606397377080713
2 1.0045573386501232 19.057473920140488
2 14.480158990247899 1.0757004565639945
2 9.468546193924249 5.181166382863445
3 20.971448109524133 13.444715186875033
3 14.645730806625709 11.673106113600207
3 18.204259564012485 29.72198772286227
3 28.387380648625143 12.746535003135689
3 12.954596945098281 25.82015358961341
3 6.660954377370508 21.120917893078268
3 16.616882602945765 11.704110218944262
3 12.226484599619784 13.08414667614952
3 17.224562419884126 28.06812203893978
3 13.708834262686038 6.777770800354349
13
1 1.4501048520420148 22.28091703318127
1 28.602645974745066 26.161859866245134
1 16.069645825312378 2.615888243331904
1 15.475538785695777 8.104521909233009
1 26.33091110176087 29.37052268332348
1 7.645254829092076 7.472359582655703
1 20.540087605934087 26.673581497455537
1 24.21140362294361 20.516775352562536
1 18.565369830906143 11.27319216408515
1 3.635140837969762 15.139679260563403
2 12.452419203221517 13.691036093093244
2 4.5727364426543655 27.0980888765247
2 17.503985562377377 24.838717732230826
2 28.158799046156904 10.916105871724724
2 8.315724537795415 25.987273269979465
2 21.789308667003205 9.093511078735794
2 12.887637972984125 11.443405788503735
2 2.165240770575773 18.65150372567845
2 14.704093972818729 0.3199123141712611
2 9.035033766409654 6.423965718404635
3 20.47418946104625 13.51427741137972
3 14.21036923197457 12.029932987914568
3 19.08605706513161 29.458049878326896
3 27.932289268647946 12.651031233278104
3 12.628130779654555 26.229899680878045
3 6.331895015251858 21.13727143410726
3 16.418025445719937 12.194207840218946
3 11.84222186208665 13.233046762653768
3 17.531341401457308 28.308251044595718
3 13.399196446603385 6.894579354295261
14
1 0.7622577829650532 21.63631584663694
1 29.215009200892894 26.18352629874352
1 15.995686971714024 1.699165575506116
1 16.010482279494354 7.979308205027621
1 26.704336916017226 29.0678500371957
1 7.6910516739554255 8.553168463140176
1 21.44633582905937 27.974372743101323
1 25.28092180180181 19.998783085539426
1 17.79535890249984 11.902322324050132
1 4.743964618449875 14.430679162867438
2 11.896293926653712 14.072791127932463
2 4.567259273329392 26.394892567299763
2 17.937384781553842 24.67317234039813
2 27.63116564031121 10.675216558508604
2 7.989194974849347 26.288002063318995
2 21.462866753985626 9.693943312879803
2 13.292055872558395 11.443884494752027
2 1.4115983208014988 17.367528572275496
2 14.61731338173026 0.009469187305359894
2 9.800972909065337 7.045973635450191
3 20.75719023691141 13.0414039152595
3 13.987464490496466 11.068070033827734
3 18.791203105893732 29.206493172858124
3 27.98518909983714 11.856291751878512
3 12.48062978184611 27.101169592596854
3 6.848091704270251 19.792929771018336
3 17.41152003407711 11.858166727462734
3 12.625065349562803 13.042305878052225
3 18.393944531633913 28.35996863717093
3 13.234135006086658 6.814168799660504
15
1 0.888065716433007 21.045894670111462
1 29.148844780799354 24.739111627307427
1 16.070966621121077 1.3754949866676918
1 16.207226782699834 7.472363960188548
1 26.44950340169272 29.20525152533333
1 7.576780610507441 9.402423451462603
1 22.090603483106193 27.21431732213085
1 25.315351805381592 20.49972432465232
1 17.472366492679306 12.009620754813888
1 4.649813389795922 13.290375186952147
2 10.863839268902106 14.568930099330666
2 4.506086837304359 25.128677499968738
2 17.5127112334519 24.173546424926613
2 27.65910473276272 10.56363195835431
2 7.413873466843513 26.27171163299852
2 21.319756882189672 9.964770984305758
2 12.426130873234188 10.697505810370316
2 1.6763339676515088 17.97457474488583
2 14.796520970595848 0.4886966341591908
2 8.531479751261589 7.468885862436116
3 21.286989849635372 12.215760272645465
3 13.571474417756724 11.084152421884623
3 19.14927740445922 28.901874870378666
3 27.960478086484922 11.645424629071462
3 12.357950569968517 27.14973589763858
3 6.471694823638976 19.983347668503757
3 16.96868050226741 11.331979636000726
3 12.792053881389197 13.05092785110446
3 18.25687154013651 27.8272086239813
3 13.685344764891315 7.174756729375363
16
1 0.5231478947133367 21.401046051601238
1 27.612230500431032 25.609101236594757
1 15.209363603449678 1.3602795823706002
1 16.474754230642606 7.115615720691555
1 27.32360892494076 29.437316193260635
1 8.381490865371942 8.636950947365865
1 22.73302326007686 28.588147316933927
1 22.810975058039148 19.48794950231381
1 17.29039034453313 12.15233686281311
1 4.793405733958255 14.278420489057323
2 12.246580476215867 14.586027839400193
2 4.244595200113722 25.504220237858988
2 17.23169916191087 24.765859424034126
2 26.765193510282856 10.366961880518462
2 7.557680323076005 26.697830488082804
2 20.828788755825045 10.963737775164393
2 12.148740243556459 11.038276064688077
2 1.9677542814543272 16.69790855872523
2 14.463990992333873 1.3760472762766252
2 8.122940545396082 8.199059551438552
3 21.18733363444236 11.998580559724212
3 13.95086918139822 11.274272224640939
3 18.904814399336885 28.842453084184474
3 28.17721617928836 12.152248262751879
3 11.81445586163583 26.63635005038958
3 5.6901623538748085 19.62271708520912
3 17.69403709002501 11.146975213057475
3 12.417760217386318 11.584171954815318
3 18.55270255081351 27.873840547238053
3 13.312797265065523 7.362002644319841
17
1 0.20608579153175993 21.394535244608726
1 26.370210140862632 24.59505949211947
1 16.093057095904214 2.6239688675666017
1 16.32637248345259 8.685871468270086
1 27.583126104461943 29.547083323207513
1 9.199480785075256 8.237396914147967
1 22.797659640178857 26.746149246071774
1 23.039998506774836 18.61600392391885
1 17.114276021219542 11.929545014136242
1 4.962620699720338 14.070207214076532
2 13.319791860324086 15.722516995177099
2 4.748140471570515 25.817074170216028
2 18.333266143854622 25.337769018799307
2 27.264810006919497 10.14447548437165
2 6.874723599590952 26.897528764011742
2 21.70828180123351 10.26586292301911
2 11.184644113880324 11.671036730681493
2 0.860795957941362 17.108193707849544
2 13.707110604987907 1.9541506334625107
2 7.1877138700641465 8.863960600257085
3 21.230714411461147 11.78640351014503
3 14.201211011510155 11.378998415391745
3 18.73578644824268 27.90230153075902
3 28.78798242637313 12.52848132167467
3 11.504981668454647 26.940616783050732
3 6.030075622065605 19.592773668840973
3 17.8091323121355 10.919222247994345
3 12.38892124164811 11.47068096767878
3 18.18660711400707 27.49433717449047
3 12.86758551275112 7.903935644716195
18
1 0.7146761030420956 21.69622150679025
1 26.455800933886245 22.87502087447703
1 13.90496956624108 2.359966811294997
1 15.656182314520924 7.990406316297089
1 27.918094670315973 29.313884967821306
1 9.908753113543586 9.264169950313706
1 23.21101069928384 25.635829574682404
1 22.75737586862596 20.78398003256337
1 18.657644314403047 11.924244335394016
1 6.136824460554353 13.142267093755462
2 13.163674689745145 15.263709904307932
2 4.825551214839347 25.38520858900196
2 18.700086961337718 25.53881540436881
2 26.87898438208367 10.506445809384777
2 6.668403078671585 27.114662587611946
2 21.82873577739435 10.150355752630693
2 9.67438940809324 10.942026106174497
2 1.0569584073808038 17.879804097144255
2 13.365349826495448 1.7581544079851912
2 7.875896850391151 9.11750555592738
3 21.180042474589044 11.594765220876443
3 13.523597420816902 11.280460192124186
3 19.295044682835993 27.63785281708141
3 28.815622619038127 11.601136446506777
3 12.596549692701227 27.513516160989646
3 6.226091479810353 19.83342773035767
3 17.6043824527861 11.265577064532202
3 12.130473644419695 11.568148402578256
3 17.81331279250187 27.042431336482895
3 12.786592352347409 8.028792860505412
19
1 1.4453662230246649 21.543394559764874
1 25.926619749334034 24.713432112269466
1 14.69983164076304 2.4686790049466123
1 14.123022707130412 9.124838003166504
1 27.919879597380383 29.73706713665051
1 10.92381683906969 9.241543182872638
1 23.260831549406205 25.402129551777904
1 22.162931464437595 20.52662911300379
1 18.884793006221756 11.62979483732051
1 6.371920660895712 14.285030558238468
2 13.314644676415844 14.699008456412342
2 5.621630126727554 25.64932019900254
2 18.650595677439888 25.782921263267443
2 26.087827202519065 10.601987111274129
2 6.807393636020416 27.3436715485658
2 20.8081179151845 10.293804707040382
2 9.355389696367647 10.7685780541176
2 0.7308442323906654 18.81605303195203
2 13.440995237926973 0.8841583370673084
2 6.7731474581580615 8.869724930637044
3 21.82909132279223 12.045699538559019
3 13.508728078399635 10.879292809064676
3 19.39511857482996 27.857789628048845
3 28.74385982293331 12.330493666089513
3 12.370330578921683 26.824231040555954
3 6.513389563041672 19.611280145624374
3 17.425489612879293 11.714992550157595
3 12.38412279374275 11.619793190752771
3 18.153098996775338 27.121095081002963
3 13.513419430622712 7.958226263628644
20
1 1.604008099532974 21.78207822415101
1 26.351731267405693 24.96508522096574
1 13.490168206001444 2.667555187373637
1 14.322713663779679 10.165333503319893
1 27.87869072377951 29.624723002287837
1 10.937979996956328 8.77186021414048
1 22.932745091563667 25.101043080033033
1 21.875541037230494 19.1097599656855
1 18.9137044106766 13.634554092921089
1 6.19683193977855 14.561802376876898
2 14.224689163402068 15.050894981145758
2 5.40265118025213 25.508244451228144
2 18.049230142079107 25.203923846844262
2 26.054573900185293 9.978015302102847
2 7.194069788066492 26.14894351832468
2 21.411201316025938 9.675476526645635
2 9.712163498145848 11.66846839140268
2 0.7133341654202605 17.983088300888536
2 13.317015980789492 0.03308865405830086
2 6.827794038943421 9.477942369209886
3 22.513118984435316 11.47439892045872
3 13.75991544276455 11.402014974380592
3 18.963139883584095 28.52867745295576
3 29.01631600316125 12.130993508161835
3 12.581433120492763 26.082954416501142
3 6.902260272760864 19.29004900947407
3 17.636218555567297 11.729294315047925
3 12.527972683338701 11.280778896083433
3 18.632296509715083 27.240288719140846
3 13.236363407762182 8.49699923987103
21
1 2.132885639705842 20.37159319552214
1 25.989735278240495 24.313013957358212
1 13.933229915887487 1.3816605802163948
1 14.10514461974012 9.676375486220438
1 29.01144763791606 27.744492950755074
1 10.487378438237034 7.2418216305547265
1 24.134789628162746 26.10488793685612
1 22.599059284058946 17.11497514643221
1 16.98629110851355 14.504813440289949
1 6.212148628377299 14.579314492066892
2 13.974337350599999 14.397793684560407
2 5.235376270035056 24.47959701350844
2 17.71222889394744 25.654303374630686
2 25.439077959957533 9.776874870074643
2 6.651187081191102 24.998949841026374
2 22.697750266439957 10.539705060317623
2 9.336749478035031 12.41073322772191
2 0.11011579391730675 17.664150664103758
2 13.554701090260329 0.8354330188985327
2 6.6283811133363955 8.959371039126426
3 22.35813451770532 12.054202600992205
3 13.847320815922707 11.294355298040808
3 18.490678722929303 28.552650062064714
3 29.684006441519845 11.94039366192948
3 13.007298952743103 26.520559613383064
3 7.632431625110863 19.39611980172354
3 18.302561530991728 12.34803620199367
3 12.762361180040374 11.320031252071391
3 18.824786379974086 27.836851419941905
3 12.784642316360333 8.796427838690581
22
1 2.2171363489529656 21.6834821124919
1 25.078179729246582 23.6459797689102
1 13.786558425079484 0.7101461715125228
1 14.010464245916358 9.333628152111345
1 27.773713502955143 28.045522579499515
1 11.670391655865409 6.855936865177275
1 24.514022366288422 26.159683232237317
1 24.008630149035827 17.159335924635144
1 15.970173379886651 15.279664294514374
1 6.9229708692427785 14.57036392161616
2 15.283638040675275 15.076212980984533
2 5.539671263143478 24.33226790067552
2 17.25318950845639 25.484688872678287
2 24.531004324340877 9.130385407874707
2 4.961335001952924 25.289298409855476
2 22.932331908437654 11.023596843107786
2 9.921027774386566 11.618762199849414
2 0.4928521049664165 17.17059325227916
2 12.72593174863062 0.7011284841203157
2 6.776680424495256 8.664954488485238
3 22.512365065105364 12.10125572067675
3 13.998850441847441 11.560804861284076
3 18.85543887454968 28.276479792792767
3 29.88696174432299 12.560962032403815
3 13.099092635414285 26.135117671601495
3 7.901398680074398 19.318877182774347
3 19.27275228262718 12.227937092662154
3 11.580667100446316 11.628037979934453
3 18.53878173045908 27.682161016804784
3 12.796234676081436 8.375562747710612
23
1 1.7875373687691076 22.68374080059314
1 24.845312879325885 23.407792225705748
1 13.956062091934823 0.1484114543225724
1 13.71443472131067 8.708818173130501
1 27.119934021942544 28.18303930001934
1 12.72130045519327 8.283481396142708
1 25.137785258564794 25.39688685971241
1 24.69613210353898 17.09966714832846
1 14.786784576320029 15.247180043899155
1 6.664228854892353 14.377496324176844
2 14.337428941414942 15.644553744615614
2 5.118569349196262 23.911935651057327
2 15.945807960088345 25.119926892058317
2 24.743846552149456 9.719094812158607
2 4.634359637841298 24.573776426093673
2 23.15366313374401 11.37566056368127
2 9.869264284361227 11.294141243226434
2 0.056643936250919125 17.704792608858387
2 13.364807155192945 0.5259558961945684
2 6.5379098912149995 8.41304601258425
3 22.38657348634515 10.936573276117098
3 14.260005325533447 10.910721574972923
3 18.622058202523174 27.694758675673032
3 29.82867274278672 12.532520358444375
3 13.052288318406683 25.57649849564755
3 8.892730884086834 19.524479591159565
3 19.03617355524655 11.729758372325021
3 11.817514763169404 10.74442702933761
3 17.778208685603964 27.703132023604656
3 12.285674176515464 8.951871656297818
24
1 2.800222665473547 22.03895961699934
1 23.52857312140364 23.35937376399283
1 14.612101271836902 0.5017596231685024
1 11.924171750990274 9.58881238015292
1 27.14503659701091 29.178745460957728
1 12.338312989716206 7.194546595669562
1 23.268644394103873 25.409079606240933
1 24.831190245204613 16.773324209005764
1 14.282927577362221 15.846767797398506
1 4.496745438623551 13.244833345878062
2 13.736379215734269 16.121143414780413
2 5.186727707831387 21.5032106024643
2 15.320177187312733 25.60536779432416
2 25.219544110193006 9.572496136856238
2 4.260631952138139 24.572971662689874
2 21.788511283669614 11.674002236298719
2 10.47928137177742 12.04404479098851
2 0.6025683111681169 17.49474847112682
2 14.41632280652361 0.2782795619123888
2 6.144902389559418 8.187548632680128
3 22.305953253042695 11.174797746598507
3 13.497011013194074 11.935843944257307
3 18.48140291364448 28.320849825070606
3 29.69475941457 13.128078653013691
3 13.396356664555588 25.18149320428434
3 9.08101250756942 19.132467468772838
3 18.659972529061093 11.826475301380214
3 12.385167195475052 10.94714412754788
3 17.184009937101873 27.741819228341747
3 11.881647632307697 9.413727030974503
25
1 3.8924203399751374 21.8438841832094
1 22.793701333441728 23.5877183200278
1 13.886704108663553 0.025616354660489282
1 12.209932399128748 9.473421948249957
1 27.14093835661366 26.83159964756338
1 11.514360170880655 7.1787415638059
1 24.53563262749503 25.501987123082145
1 24.932252883803738 16.144493324877377
1 13.790321702562506 15.136392760974225
1 6.048606182810426 13.069277611718249
2 14.53673290917012 15.738601058345676
2 4.44172982066263 21.9145863772436
2 15.228899967883018 25.525806206596208
2 25.51353731611838 9.44751069045998
2 3.168338587704307 23.767412906645696
2 21.64107267438392 11.79488202383107
2 9.857110890836099 11.370780078355546
2 0.4813124168890137 17.255609943138754
2 13.817104803767386 0.38332420571194703
2 5.748559803492821 7.628361700316589
3 21.971473541726677 11.16236765455351
3 13.789671917597353 12.008457617865032
3 19.341966514567442 28.356138848179903
3 29.975976850675597 13.598454640588162
3 13.636037420411535 25.22156400190197
3 9.513551556423643 19.47369674193403
3 18.766667295159838 11.724065538901012
3 12.074460603606301 11.890262228190455
3 17.010457589793383 27.647898810492077
3 11.879934325146342 9.612075835575286
26
1 4.86157575126727 21.419331883676126
1 22.398698820730676 22.54741291160557
1 14.015841412626825 0.3067261318075104
1 12.933773410565598 8.09317676829703
1 27.05770854147104 26.72342153603315
1 12.443447075247317 7.627804970278484
1 24.83224594650061 25.876841370330045
1 26.416235627695507 17.065861675691945
1 13.560743410257404 14.54279449012646
1 5.79479230044391 12.234216922336579
2 14.3269812043195 15.612602348926332
2 3.6017587914555658 22.01791600963504
2 14.36504882535818 26.034125441785275
2 26.352210406663936 8.07434580263035
2 3.87166769615754 23.67753157230014
2 20.444929912052764 12.01483240057245
2 10.084540714195503 11.694319294909995
2 0.15230093488215352 17.238436316836204
2 14.76899955556124 0.20549397303779252
2 5.8156183245819175 7.797427955341996
3 21.60598687764286 11.349207434896972
3 13.74292378950033 11.562833204147962
3 19.915637185165497 28.145969667578292
3 29.715082727748992 13.478125993753094
3 13.771846064534579 24.611443960537716
3 9.443966660811363 18.773435634583226
3 18.67945883312137 12.505257150897068
3 11.697999993396008 11.887611741018029
3 17.422701073087538 27.455945150731765
3 10.98554974179298 10.612085829536506
27
1 5.55490522402709 21.72365139370095
1 22.474593256018316 22.52348166226827
1 14.45024328303053 0.4838658465126469
1 13.18850466654876 7.478596225736927
1 27.207533651216078 26.478215914875616
1 11.881263503673276 8.700744316437063
1 25.284943474417325 24.80315529025719
1 27.155724760496664 18.472647291280428
1 13.275320301489232 13.425635920268638
1 5.118423714362892 12.59010494255789
2 14.12689917202227 15.90922349266341
2 4.294836961542347 23.289231076370328
2 14.960547537142778 25.40420126776996
2 25.50563687151647 7.769186375753987
2 4.749450633970838 23.323561072577352
2 21.075036507347182 11.367844399590672
2 9.933606407244762 11.858258484837314
2 0.8997786022695375 17.800967424677815
2 15.109388036715416 0.6013447878883139
2 5.894413943423697 7.651741223726071
3 22.41688178893019 11.144760458812438
3 13.731882967642687 11.04028392931771
3 20.212427770485974 28.33052600096931
3 29.79938362201115 14.101267679010322
3 13.541547298300786 24.32257754080079
3 9.358252851115328 18.89550140265132
3 18.5845168829491 12.27045928975675
3 11.9438989634042 11.444558898899402
3 18.20952103856584 26.049846324991044
3 10.922785330021608 11.184016019163531
28
1 5.374533298848008 21.77232879492637
1 23.521873491183182 22.668188278164493
1 15.073767193037286 0.2370567213503788
1 11.964270988995628 7.656307476894205
1 27.785017164962962 25.192016426896096
1 11.954770750674252 9.152285563330693
1 24.45052250311167 22.759830735018884
1 27.317637276480408 17.8333864365598
1 14.450175082691045 13.542152699869863
1 4.094405178110415 12.309291291166605
2 12.745065804910313 14.608486384283976
2 3.85546612403087 23.28552583802099
2 15.012019139270636 24.433473772155747
2 26.471971712370905 7.333014391453988
2 5.123890675629044 23.8512756491789
2 21.203792366362826 11.951035771972906
2 10.80344990252275 11.562751285813404
2 0.31093431376894176 18.446231096819965
2 14.337514366425005 1.0518295591648088
2 6.362208024481148 7.027633325196465
3 21.83931699610778 10.84605902572083
3 13.704762142589878 10.82127166120611
3 19.634328969220906 27.931732006536773
3 29.01588801527198 13.838081363675872
3 13.634712143571717 24.62326608959406
3 9.02528758673029 18.841816232069668
3 17.963201304874236 12.377411199680852
3 12.135953274070978 10.820979845503388
3 18.74571296056894 25.62894737396067
3 12.304313360368038 11.71558734613809
29
1 5.074299610370069 20.981179810638654
1 24.22247449043572 22.935476978069367
1 15.209024081490389 0.71316836662829
1 12.199429329454198 8.33089048084131
1 27.281213086392484 25.656646113144443
1 12.620327057815658 9.33334208528075
1 23.99727325301953 23.401219431973782
1 26.149007155992642 18.703320334740056
1 14.928887408043048 13.880317305700565
1 2.8542078317725883 12.099584635335846
2 12.535686679706888 14.007248456372071
2 3.4233242540484485 24.29349473606968
2 14.163640142459169 24.018085725628772
2 26.723375067248448 7.110686825107696
2 4.617543024766017 23.740252463866724
2 21.051192407284926 12.462952138546127
2 10.556923897542424 11.40865501451132
2 0.9662931568635418 17.476938570258596
2 14.589906791950034 1.9565131868355963
2 6.5929021239378365 6.79228568150762
3 21.497127507153927 11.127720610083944
3 13.873915999174184 10.668695714934247
3 20.029109400664375 28.233232298690492
3 28.685447577224874 14.802519240779626
3 13.615551265784177 24.810190345769673
3 8.388367120755538 18.443846528427418
3 18.352880151896095 12.621884628279293
3 11.881614339922345 11.346580643238147
3 17.643489659201915 24.793583598033454
3 12.320845137613674 12.097090152398481
30
1 6.782347382782362 21.032311379795292
1 23.45479672896121 22.387537750483162
1 14.739390235984565 0.7341785971052571
1 12.029466827934632 8.634862744401175
1 27.512546868154555 23.89783778738811
1 12.684510684217019 9.104233574058634
1 24.1938416191629 24.25235105793079
1 25.84229397278576 19.27733182237811
1 14.74372198649051 14.458619584332705
1 2.5125138780525416 13.822257002212577
2 12.699642294589475 14.28621575998997
2 3.6938538239774306 23.431752779808324
2 13.89159308556711 23.98812082724784
2 27.290597707930544 7.612349597320869
2 4.150251018356869 24.466925034644362
2 22.078492992360555 12.82396624716727
2 11.214075208511048 11.668825394214693
2 1.0853949093525668 16.833665249474635
2 14.830207305849806 0.9973648257197233
2 6.557893914498283 7.562967370876586
3 21.38075724401425 11.7620571327247
3 14.313998137882887 11.049298236011785
3 20.045597672298385 28.18565074047576
3 28.484902564345013 14.526425443690576
3 13.271811327936632 24.773879404902353
3 8.478238045119161 18.379615349837426
3 17.985003546494838 12.556931989586616
3 11.613062648745501 12.13258249545727
3 17.335238346553627 24.539984810077566
3 13.053430133737614 12.414307940394673
31
1 7.295062311366378 21.592073930719717
1 24.3979376577109 21.65137645908675
1 14.232062627710084 0.5954802471286484
1 12.391138878483831 8.843608393556277
1 26.872878070865685 23.295045009920404
1 11.994358174992744 9.941058703181799
1 24.705725776721827 24.663910554955777
1 26.38320916875239 17.46431844282197
1 14.91437649200311 13.405217722772797
1 1.9041210019136785 14.244395481217921
2 12.530058532200643 14.627974249422223
2 4.324419358474565 23.667145381430327
2 12.854620486398959 23.958675145432665
2 27.626101332151062 7.311785903493909
2 4.447694637822336 23.11089846823289
2 21.913417846339065 12.980583675139586
2 11.087506442018588 12.567200934297531
2 0.7377713720185058 16.717652356321146
2 14.447402012451821 1.549547304049517
2 6.361841048609913 8.429785792046367
3 21.504588646398048 12.810259528209786
3 14.204754672172646 10.268587348419636
3 19.836104119294838 28.683037809399494
3 28.823140838737693 14.770766298306148
3 13.674509364948463 25.30028303365616
3 8.201218374123691 18.67887516471633
3 18.22478590750056 12.885395060202086
3 11.357130391338568 12.027731202111541
3 17.793407637772972 24.469608738808915
3 13.464777515404029 12.013451579626459
32
1 6.234081569639787 21.67083502671847
1 24.103532264657005 21.98595623488175
1 13.732006634251677 1.654507438393
1 11.63055999294168 8.756891871527246
1 27.818028365583977 23.420868523150745
1 11.728651041048053 9.649581581743957
1 25.874169967946166 24.11815641552682
1 26.211328558942217 17.389001292430294
1 15.01418832035183 13.080253389779863
1 0.6482932836215143 12.69703853093926
2 12.275455018483152 13.906987406782836
2 4.229252734875422 23.39753820746683
2 12.666600060789067 23.78115740100996
2 27.396971054766478 5.516789891502866
2 4.2281812466481385 22.861706116438004
2 21.24357568780615 12.124289139542789
2 10.522955462098711 12.797100357642083
2 1.3989138382275708 16.674542017994824
2 13.42790046047701 3.1480849160263027
2 5.924130863881933 7.575641195930256
3 21.4436143006261 12.862435491851357
3 13.934145681690106 10.823790157456074
3 20.366248530526114 29.042645507000103
3 28.526609854730914 14.3017185277188
3 13.498360613321731 25.25104375956519
3 8.210097832403543 18.91340194445339
3 18.82041740725029 12.97600333595538
3 11.770588013828243 10.952404713901043
3 17.67960527519333 23.963278534184216
3 13.862098743476794 12.00387959301225
33
1 6.467740688305279 21.634737036740667
1 22.617841204135594 23.599412850795854
1 12.092033310488958 1.2199641033915332
1 12.075986443707807 9.11169570243807
1 28.52901484198885 23.877654760504566
1 11.286624454171648 9.154106397755179
1 26.44933986474621 24.401911034492226
1 27.07768445755684 17.422589236889372
1 14.11522224307014 12.477336295781098
1 0.4719736436401049 11.539228688495045
2 11.640392115051094 14.240739236360868
2 3.43098541771315 23.935551497986644
2 13.384604069053667 24.138421158516625
2 27.243047211661775 4.5242570046363575
2 3.463160803892654 22.920793370913955
2 20.898430113362327 12.845568729057982
2 10.505550059821571 12.649566634410228
2 1.448181080536032 16.47826949727923
2 13.99272282414834 2.8767322073149466
2 6.735547095972666 8.081457542734018
3 21.809483643705214 12.807544659531523
3 14.19314036596816 10.29966505212751
3 20.590979608885654 28.573200867055874
3 28.13783459320078 14.596267346685144
3 13.296330785483883 25.154906838427266
3 8.400576692419412 18.77850993913513
3 19.21835816388543 13.092175975641306
3 11.302697274150646 10.864015693235604
3 17.649894297265714 24.972816947704352
3 13.843071237194817 11.982348132537474
34
1 4.915287619470802 20.746831962564503
1 22.857177718087577 22.975580013178284
1 12.296037681213237 0.9956428106796116
1 11.789807098399466 9.119342417501555
1 27.715034758002396 24.52205295278669
1 10.498157276693302 7.50240096026834
1 26.619924780649495 23.92096765825338
1 26.725802476076765 17.867576230533295
1 13.758318545590868 11.751183904037541
1 0.519081623351027 11.635650759772172
2 12.115512292633111 14.17063418768303
2 3.5020157944404486 23.31846287397656
2 14.159575367204182 24.215115983857768
2 28.24569418879762 4.4640149695378994
2 3.882560245350446 23.32481810885976
2 22.185641461576363 12.605565237942423
2 9.772848454608047 11.808552307247155
2 1.4870170348748424 16.504658432257326
2 13.875081988845766 2.672634282172777
2 8.159045409392371 8.388933179691325
3 21.035745269461923 12.134152613546792
3 14.590050222798215 10.585931283201404
3 20.399112314743054 28.540910113824484
3 27.940226366636537 14.50876681699094
3 13.22560174380589 25.54128874153613
3 8.847866323414287 18.691352406570683
3 19.101078498125297 13.460615564064952
3 12.55421686836715 11.123421154487184
3 16.97873778554605 24.816200706983125
3 14.296653985843502 11.769437236242391
35
1 4.63441743868635 20.47320276961706
1 24.44435224242427 22.13700929914282
1 11.785958704380604 0.9290728984166177
1 12.102090550410134 8.923130812895842
1 27.7777108998405 24.06660684274535
1 9.142784039063613 8.293555638061568
1 26.072242481142606 23.980138697024724
1 24.991450963692376 17.64170356942135
1 14.867795156388803 11.45524519538157
1 1.0588729633795029 13.505076512982257
2 11.050167091054357 15.449222720265182
2 4.120884898242452 24.694339085662754
2 14.266154292683792 24.167753852764037
2 27.535830194934853 3.653125339611308
2 3.835311563184035 23.13756315582875
2 21.45485228960212 13.079430722475093
2 10.255751304966532 11.877628885356458
2 1.1504779057337784 16.792964259442343
2 13.709837659167672 2.588681240381104
2 7.8550244447345206 7.979083688076268
3 20.231512331941563 12.976352622572982
3 14.668064338205841 10.939168063442123
3 19.898296377892557 29.075204881959014
3 27.87151985271444 13.617426467799083
3 13.404797721383325 25.54325235594258
3 8.63433599052458 18.635652465258268
3 18.863301218363677 13.517241951056038
3 12.826133679852116 10.31375984054345
3 16.328434309459922 24.389094276808294
3 13.826453557353588 11.699543736955917
36
1 2.70932537123368 20.25400679291178
1 23.750833051290893 22.67947847029721
1 11.599059995433542 0.29551327878706046
1 11.810842563790173 9.712105916609342
1 27.88513469158871 24.564887696968142
1 9.515056181745134 8.657146345885838
1 24.972557267202216 23.306295895207064
1 24.562316861237928 17.692258700849138
1 15.636172644555291 11.14265829412928
1 2.580543910690494 12.828804864931204
2 10.560843721934933 15.286669207671398
2 4.201263503986986 25.70828282054131
2 14.173259646541682 23.62524305311329
2 26.752149454692287 3.8314849622349922
2 3.655688946977084 24.499472394003224
2 21.72427281257631 12.998100374449246
2 11.054923750459912 10.89691277261276
2 1.5883559728876295 15.774335872859034
2 13.86769528177223 2.9669640629858414
2 7.254035781723132 7.244879668537342
3 19.947394110054905 13.11530755238582
3 14.977654618802775 11.882159861222467
3 19.441715396815184 29.094255617471127
3 28.402256599872867 13.704990133279013
3 14.079165860279614 26.24587575342785
3 8.345677348148175 18.64538479233618
3 19.275919420005 13.181634005388407
3 13.01822660196396 10.603857492086535
3 16.398399916096675 24.845019933341792
3 13.143951505952822 10.926935653979205
37
1 1.3574091069437104 20.275379198066453
1 22.36558920388621 22.02945900063103
1 11.714002799521634 0.015050021429042604
1 11.47151325921132 9.277913400225318
1 28.93309357389303 25.95699564732407
1 9.609459328036849 7.589068848570069
1 23.98445334741589 24.09844685705703
1 25.783108091778534 18.175703882557197
1 16.572896620827095 10.633583217057778
1 4.0911037760999776 12.440226363257457
2 9.818931914860102 15.772097052192668
2 5.050961726939764 26.696817672240638
2 14.531598494758835 23.554730185720217
2 26.330815854564218 3.718986269805579
2 2.3661468326150565 23.835826816665303
2 22.474489198466845 11.833232876364688
2 10.497489248186474 10.985268659776015
2 0.5325121290561521 16.295446940482044
2 13.404452724615435 2.7226188476545827
2 7.782600654308364 7.650237296687594
3 19.92051798968391 13.202250389821414
3 14.842056266083333 12.511091496503596
3 19.536708454642948 29.628321502855652
3 28.83093056771735 13.76076672172807
3 13.845556739587538 26.831519171477876
3 8.02867374392663 18.533775118270285
3 18.725040069486838 13.091994673005932
3 12.821122291186956 9.894532163145863
3 16.048175349733445 25.08128880574598
3 13.850913186460835 10.935018130630745
38
1 1.4360962525345669 20.661082663089665
1 22.715054611947824 22.13648103781447
1 12.273725989254668 0.7753113949222139
1 12.575484447904717 8.409567853099423
1 29.977369993875154 25.27976334665034
1 9.51955054573081 8.032860712874355
1 23.568442137022334 24.461420215468134
1 25.395787130991334 17.72346109540101
1 16.975435358325054 10.788285269236242
1 3.286587909347877 11.192589442323197
2 10.605329656180396 15.959262842510256
2 5.248850944050784 26.857389896010005
2 14.768225546598066 22.600074224390553
2 26.378408633988375 3.7117239033372695
2 2.8790841069176167 25.46298139868537
2 21.66230255071765 11.374654612907626
2 10.627267106996175 11.539312964558736
2 0.10193448517275983 15.598875760414442
2 12.526986366890371 2.882074637518648
2 7.902905910542571 6.517405222584122
3 20.2750733418525 13.147531221565549
3 14.166484938047953 11.860267346501347
3 19.962404283988416 29.801091126327858
3 29.294989281046867 13.851955955809464
3 13.81761751589763 26.835312620162554
3 8.04944407344183 18.951945988293723
3 18.512612994393095 12.982017416356044
3 12.691707784609982 10.179571025526508
3 16.52421737525549 24.590583435815752
3 13.221991640587891 11.262261276268703
39
1 1.1892884434407278 22.45389974390532
1 23.32073182786855 22.851239585743237
1 11.654614042056666 1.5599355799673869
1 13.182593414632716 8.133161289197375
1 28.639025783288766 24.069202814922576
1 9.807070235764062 8.031473490216618
1 23.99563573090026 24.818168501120095
1 26.479899379194528 17.06055000458138
1 17.10458381238604 9.090734747145715
1 3.522203828008837 9.576578369101897
2 10.486930933092069 15.349304192012307
2 4.160242478614168 27.272747844020607
2 15.092131228640268 22.703336218261708
2 27.12707147163941 3.2922160443060284
2 2.0066482047677585 25.3335260302119
2 23.664602470731936 11.923914951442912
2 11.425426232641913 12.191788935385658
2 0.7300724216328144 14.710879717706312
2 12.140919487506801 2.75116742387181
2 7.601921255044489 5.432889332504665
3 20.34093093198543 12.941456472543916
3 14.515661167437532 11.013160149806497
3 20.19746370943051 29.454355124353437
3 29.92557459427313 14.009942556389833
3 13.165816713051777 27.028193946305887
3 8.09096841362732 18.798778378328723
3 17.68597920595913 12.433705885286145
3 13.014478867274667 10.072872614260895
3 16.31330552166087 24.09932985760318
3 13.487253389538642 11.067709518869787
40
1 1.6602667927185777 22.07093831000948
1 22.373518286773653 22.198336783691346
1 12.205888260596701 1.771724623725725
1 13.332344872104242 8.322775225318617
1 29.155453155506383 23.016671678302163
1 9.246416639927906 7.11361838131347
1 23.86098011023712 26.36872090002338
1 26.064422645162058 17.639691904902513
1 17.540676479975666 9.256630480602611
1 4.459780717852878 8.75370936687578
2 9.651554597315142 14.94600735082459
2 4.3012252109992035 28.562994072873746
2 16.375624412321258 22.88155377384285
2 27.05846261821417 5.006952647026164
2 1.757416145589198 25.469751241867282
2 24.26921377142752 11.969418142769207
2 10.542904499267356 11.707170366826634
2 0.841839986706143 13.967994168657759
2 12.17822436182537 2.558926234028493
2 7.0721685894882595 6.281845204242766
3 20.188894459206036 12.87919974598175
3 14.99688480300198 10.810527575833442
3 20.605300171867437 28.63831740827323
3 29.68980354008 13.766477138201743
3 14.09611533505963 26.77656853995448
3 8.153338741071 19.243277128315363
3 17.47192921743567 12.472903041015192
3 12.803429697932366 10.917177695495555
3 15.43479249133613 24.423172207743065
3 12.911867051988889 11.624184707715129
41
1 2.6108039407409525 21.981223660447988
1 22.046120918731468 22.76780542716463
1 12.070213073793285 1.1382709780345137
1 13.522350774763344 8.970990798801338
1 27.80873401607362 22.743350046864872
1 9.412405282295795 6.299819823231105
1 24.825886580130156 27.08911930839678
1 25.337933058171213 17.6361544194611
1 18.35698568069376 9.776588826852008
1 4.83178624307858 8.980912681774548
2 9.7499659189399 14.683688456537746
2 3.8712556603766615 29.187727810175755
2 15.635989175545134 23.37786042434858
2 28.057232906937156 5.799046169243084
2 2.0789287773192404 26.340865543091034
2 25.265518147530297 11.740355608523402
2 11.293368139463519 11.28259360847902
2 1.3930454293273806 13.81109600864228
2 13.365699220489075 3.6607066597658466
2 6.664508347625982 6.406636795443717
3 20.006328862922558 12.409789610567193
3 15.405016183075107 10.39020667009941
3 20.727467367982527 29.61431848723615
3 29.825055750765898 13.776055417785354
3 14.347644498931867 25.733421135617135
3 7.122568809691183 18.978950842141664
3 17.038330019282135 12.067150204255213
3 12.489961706510863 11.381259958469307
3 15.051055730841084 24.572335399186827
3 12.210669485397943 11.560988523571234
42
1 3.4203753940043895 20.551808289424713
1 22.21791535216188 21.894652213955958
1 13.27273020546147 1.2171937543363904
1 13.810353746315624 8.632145806581006
1 27.73267596143206 22.17425701106241
1 9.622719320361494 5.250184059452042
1 24.16185318202777 27.300499887018667
1 23.49524619434313 16.606263606788854
1 19.338110665548538 9.976460296355365
1 6.140476645965637 8.624918406996162
2 9.643023550942289 16.03251681015019
2 3.65386000799526 28.641995285420577
2 15.675091401996493 22.850847217908683
2 27.698354238091397 6.25324149362525
2 2.36400654693847 26.278382779527895
2 25.731516423285797 11.545816462222394
2 11.345933250457007 10.92262775304689
2 1.5786847580203653 13.31665199471879
2 11.6131513183702 3.4927555882153456
2 6.492982720026827 5.676448635606809
3 19.24282531113701 13.4062453253146
3 16.049701362240327 10.405410995128234
3 20.8057724177998 29.281405177440515
3 29.092571004797342 13.541055862939217
3 14.622982203518728 25.530252526996115
3 6.8576374037903065 19.505612351229164
3 16.423353833895966 13.044742219259746
3 11.367706846995326 11.446103921548788
3 15.335810082455039 24.667153973896124
3 11.819028924833294 11.135851357181153
43
1 2.6268562520764758 20.0405032130143
1 21.84566302889963 21.55906007441089
1 12.477514699484436 1.3902148642756904
1 13.94673248113564 9.202092590543483
1 28.18876760325271 21.494723889548695
1 8.703882825217791 6.389707753814452
1 23.808985836079884 28.744727896042328
1 22.85112403308314 15.531490068723528
1 18.269774081124375 9.97301151857704
1 6.297869038106684 8.615672955886378
2 9.813201244883423 15.821064960403154
2 4.513755891316583 28.716572410606208
2 15.163631620162942 22.488468454998465
2 28.472737343277664 8.189768130938367
2 1.7923132563034443 26.323980630023534
2 25.923830788800817 11.488450503996527
2 9.540805603584571 10.810744042232088
2 1.3340419002602288 13.808833524950936
2 10.81364050778317 4.08153909246526
2 7.020782745482593 5.353907290476416
3 19.028148735570603 13.54060767433495
3 16.20184944150074 10.758517142907104
3 20.33582788625452 28.82610458100054
3 28.74755297910441 13.993478427417289
3 14.650256918097432 25.546510072134087
3 6.614047163497094 19.984205765196698
3 16.647732407871338 13.033302956356524
3 10.804706091044356 11.6265318139347
3 15.643959009822298 24.068110637544763
3 11.793549384964448 10.294540245639189
44
1 2.3866568780905473 20.268417241082282
1 22.189896948311105 20.291595847094673
1 11.625664910603524 0.934031558134941
1 14.488989101836843 9.675346044787188
1 28.848966017943496 21.357048054173656
1 7.40519725483927 5.353341726183062
1 23.856876308386003 29.119850626045043
1 23.060136510105192 14.66741563766425
1 18.377125681086447 10.119461500856689
1 6.151724492729625 8.156545301083723
2 10.000669403348077 14.842986187061513
2 5.197525255765296 28.582372955952977
2 15.391402117148548 23.07834639368482
2 27.494664952074015 7.870509583749393
2 3.0149601298784923 25.861986861819037
2 26.170834127673743 11.023539347197058
2 9.39555024238509 10.885036953519823
2 1.6214324286907842 14.47536582800606
2 11.309479867446912 4.605055241310474
2 7.394475875702438 4.977079571221856
3 19.011031809528674 13.529685249570973
3 16.352666335676435 11.06141471649306
3 19.94576712982618 28.835829305291476
3 28.235817445984743 14.377883555357869
3 14.066640658578235 25.01983016687901
3 5.876904677369882 20.198420452725912
3 16.500795239481096 14.043237172773901
3 10.367993277697021 12.056533473493
3 15.469341224391453 23.90490644039299
3 12.340778457544486 10.650344802164732
45
1 2.3364902241014294 19.28769391661424
1 20.870161402174205 19.998149062218424
1 12.92897271158731 1.3556993242097577
1 15.906294340711115 10.442487860284325
1 29.082703646137826 21.670032136858552
1 7.535238355263154 6.192257957370251
1 23.173092472211973 28.177712143112014
1 22.9540250637797 16.48021584792409
1 19.071415558039984 8.895358725976374
1 5.987282015918826 7.868601189499236
2 9.732872862471147 14.710226200868648
2 5.662106622993818 29.41881498696009
2 15.687123373339965 22.251878010691684
2 28.438968513391043 8.477760134880452
2 2.569267545885705 26.19285692331757
2 26.34393919500696 11.843437381018319
2 8.884636244770121 9.985509350821324
2 2.1978838636327023 14.011254799066071
2 12.335393793511976 4.710800787787401
2 6.634472941323792 4.690871888276443
3 18.738447510568836 13.167789555788517
3 15.827463689473104 10.780224138660795
3 20.169413825733105 29.84338600364459
3 27.33238991289719 14.468745513813971
3 14.177843440116007 24.696921820506322
3 5.853551913658103 20.928281274409425
3 16.403117639584064 13.728179293807417
3 11.01539406143463 12.225020989701205
3 15.369439557180792 23.93716602339637
3 12.704478492733463 10.672973550992772
46
1 1.4328064692651314 20.004609399735493
1 21.164642277325726 20.306762348296505
1 13.544005816170678 0.5753801803289894
1 16.500776168802883 11.510634358372924
1 29.690443360898737 21.226714995999885
1 7.68275628772297 5.729667334404024
1 23.587846444646644 27.1144927491249
1 23.33950211863015 17.431223468646934
1 18.369522648383004 8.348583980369355
1 5.454488236270079 7.290124674779334
2 9.40931892337169 13.913988934011815
2 5.0389996233547425 29.518442731017004
2 15.654526265047384 22.358475983459297
2 29.008520113858275 8.308955892348605
2 2.604891975193998 24.873534691947818
2 27.226357546700562 11.054903080264648
2 9.215684161142512 9.973550330837176
2 1.8490038975832859 14.764530837149419
2 12.233180560884598 4.1044315475953645
2 6.561626421797525 5.145896077113106
3 18.920515770882158 12.451782681253745
3 16.083931650029882 10.001119212029518
3 19.9374186422484 29.542577081761536
3 26.729202816398555 15.155005373764357
3 14.711463417079502 24.590747064093595
3 6.103655772447753 20.83921160680839
3 15.914676785068993 13.543953966788838
3 11.145101527845826 12.207117969232302
3 15.96903588053758 24.023590647028037
3 12.684278641622264 10.663014475962251
47
1 2.3006370272389356 20.59126042634297
1 19.90012843377118 21.179529379608287
1 13.972182757283518 1.2602972056861408
1 16.1128470973435 11.473177968968104
1 29.993116555933348 22.269832395442325
1 7.393569181049188 5.273152025691345
1 23.253850019487896 27.161042319432298
1 23.282819265215387 18.412088626094754
1 18.14363157950846 7.865132281369147
1 5.892061144286298 7.593239088336595
2 9.460898368516135 13.920821259506782
2 4.9280536147444485 29.907950211656182
2 15.992065595683087 21.587175823467888
2 28.505082145853848 8.410266122815974
2 2.222821741597085 24.73362444569333
2 27.375334734075693 9.739504784127515
2 9.512020217049606 9.772176202393798
2 0.8448715157771718 14.461667489414863
2 12.409032876877108 4.409226643087065
2 7.3453123153390525 4.353853816554922
3 19.00005903411492 12.533499114766075
3 16.28843347180234 9.344680264347133
3 19.980718225493703 29.03842819930703
3 26.74822232465568 15.049823220978789
3 14.16828336371904 23.807401876087958
3 6.8353459814131 20.978095038947124
3 16.59687937314813 13.840245356070852
3 10.94971206900776 12.695338591787658
3 15.627438325477726 24.515506007480326
3 12.36360652235457 11.433609017133037
48
1 2.2211599082047244 21.23581327344354
1 20.037768663753486 20.513792033845217
1 13.606164197494332 0.3311435351637084
1 16.32955065742749 11.215368776175222
1 29.19762254756033 23.42592062034667
1 7.17892682675239 4.427094547638106
1 23.299945452248195 27.46004038713533
1 22.76535823671553 18.321557766771924
1 18.432113996213346 6.870751845201834
1 5.844287547528834 7.410934327731833
2 9.504340153813736 14.061717560674108
2 5.013576929186764 29.66533914262197
2 16.579853215580265 20.647663839005343
2 28.565733457252342 8.140235699628976
2 2.056991561683113 24.639802747898283
2 29.569348161773384 10.14187112348066
2 8.133110213244137 11.037910735685333
2 0.16056393948379377 13.936636885949834
2 12.346011378950015 5.526441822282077
2 6.692261664342513 4.148036301903491
3 19.294628694214747 12.55476554602394
3 16.340219929702954 9.493112871771825
3 19.415205384943544 29.285298168116796
3 26.476120366600302 15.948504823566246
3 14.364080435483604 23.616029739875156
3 6.171548404076486 20.346155454785944
3 16.983030998482306 13.527377543681013
3 10.72109003975498 12.14888291324351
3 15.396338391394709 24.26797408531114
3 12.33770899055839 11.836224210895141
49
1 1.8716123596625924 20.18588932373814
1 20.694488656452 20.81489693207254
1 15.468462642301633 0.6925268648098122
1 14.83062263131614 10.75175448353133
1 29.58992323246332 24.03691044855592
1 7.909708695881649 4.941609767796196
1 23.087380807901017 28.60745565733768
1 24.252633194380675 18.36056953509706
1 20.26552323676896 6.781103601891547
1 5.510608248962224 6.010370943378988
2 9.364262393363225 14.190934345394647
2 4.664633584090874 29.281417658644987
2 15.696513120933142 19.106127338367944
2 27.848725699839743 7.814267973373723
2 4.068425423273055 24.556132926053444
2 29.795478655404533 11.052362015484803
2 7.884626228795017 9.943667918592299
2 0.1944780004260178 14.070746348726853
2 12.07994440585695 6.504890551243678
2 7.751495241381816 4.8814878596499405
3 18.62734183736509 12.581936983038759
3 16.260567887067154 9.261857407591037
3 19.569660650477186 29.25358447138511
3 26.98940746922161 16.34359067269167
3 15.033727824344018 24.032755447273992
3 6.5190069834765065 21.30683112207302
3 16.981955708650684 12.729140672498344
3 10.085953858433589 12.793341947553474
3 15.138072523399506 25.12321961305399
3 13.120259926962365 11.463507277506807
